100
4711545
5111407
6390768
9818533
4996070
6944105
44647
9935524
2447573
1403884
2750894
706077
4297430
4075040
9782187
2237707
8607072
4503304
951967
7574080
1400267
6385360
9804249
3010195
2320019
9849992
828741
4232729
7774801
779374
5877126
3200907
7215011
69493
3950936
50408
8917865
3244113
1109100
9266916
1828849
8473626
4292091
4935399
3307460
7286106
3460963
4300808
2537828
2681240
3357903
740990
6452206
7199
4410061
1822176
6033077
7867059
5401021
4354365
5805163
64067
1061788
539404
9279363
8343596
6321046
9335836
772352
1510869
8328322
2662011
9930009
12241
465172
3193321
7850921
619117
5625308
8513777
8704029
4503080
1374728
55701
870820
8402237
9132818
1343400
6482002
7831905
319370
1529480
5846242
1570237
7192350
5506780
6294503
591474
2059170
3376611
