100
30 0.5 5
576 0.8 30
307 0.1 64
319 0.8 71
584 0.7 91
891 0.3 2
885 0.2 15
27 0.2 46
759 0.0 91
190 0.9 58
251 0.4 1
414 0.7 38
743 0.1 57
838 0.9 65
418 0.9 56
79 0.2 33
502 0.6 89
397 0.2 49
900 0.1 64
726 0.6 14
801 0.3 70
276 0.6 71
424 0.3 98
883 0.3 32
174 0.6 19
841 0.6 74
935 0.9 8
396 0.2 25
326 0.8 66
517 0.8 43
412 0.3 74
926 0.2 61
904 0.8 24
540 0.0 90
300 0.6 18
550 0.1 76
678 0.3 91
616 0.1 50
345 0.5 84
276 0.4 72
176 0.0 84
446 0.2 67
848 0.5 65
399 0.6 32
443 0.6 97
250 0.7 26
58 0.5 55
311 0.1 12
462 0.5 41
619 0.0 7
429 0.2 72
508 0.1 56
357 0.8 43
12 0.1 69
816 0.7 75
686 0.8 10
565 0.7 72
489 0.1 75
984 0.6 91
79 0.4 72
915 0.9 68
112 0.3 86
635 0.6 24
481 0.0 53
470 0.1 40
22 0.6 3
207 0.1 18
598 0.6 23
503 0.0 24
146 0.8 52
971 0.4 28
818 0.9 33
364 0.5 3
627 0.7 81
311 0.0 23
692 0.6 31
150 0.3 44
54 0.1 19
438 0.6 87
936 0.7 89
367 0.9 56
30 0.3 41
178 0.5 78
227 0.8 37
199 0.4 75
623 0.7 71
183 0.7 54
735 0.5 50
438 0.5 37
851 0.3 35
643 0.1 11
388 0.0 40
128 0.4 70
659 0.2 40
289 0.7 70
460 0.0 18
835 0.7 47
117 0.9 11
295 0.9 30
466 0.2 88
