100
2
9
946859455594
596688584565
956885685596
455886898559
745558586689
989559555886
859688868896
596656865858
899484569655
5
3
595884546974
486898597876
855488688799
5
1
855688965656
3
1
948955598596
1
7
679688955655
658894599968
598969896999
548445798585
696996445698
499887455889
556595584484
5
6
888955455966
895685689956
597565688645
555885558599
985885658596
795655545497
2
2
456998576564
789598595755
5
3
868595595965
859669445695
596548985596
1
2
498647698956
687598855475
2
7
558874565884
689988564959
995589967655
595856889685
589989549759
648684558665
955589798755
1
1
858985599666
5
5
964759685485
869889484455
984894685868
486565786467
689566669599
2
6
899988947888
694688856997
686856569465
496996569556
858885955779
858749588795
5
9
569588966686
767598768845
569966565586
999564895455
958555856455
558499689865
565495558865
958589698458
996846549474
3
5
866585848675
765968958555
895955645585
588575899858
444896868655
3
2
885658886949
579694856958
5
4
579497568599
445586669568
658895755998
966445885475
5
8
558968586858
888946965558
674589866758
656559769698
848865868956
489564566658
645975668459
978797947444
2
3
495844455956
855958559799
465569799895
2
5
669544686895
665496666798
958869469689
567598868668
594858645884
2
5
984496484559
588675598966
685488855558
864558694986
699594685985
1
5
585896995894
998866995595
479876588885
696858986689
954469449557
1
3
585559585559
545555469649
998566558568
1
8
659687596986
998468968669
956586868855
855656865686
559888899845
898995866598
699657564986
996569559754
5
5
459758879569
686896689998
944969848858
789945569869
659584655569
2
4
849565859788
868886968645
565886985865
769649856965
2
8
958887688594
546566564849
487654968896
485777699948
658959959468
648557849986
896885555696
584694598958
3
9
848689746655
585669584797
584869964849
959659667658
959866854684
958698645495
994566948959
696645849846
684869589559
1
4
758776657445
555795886995
767848869748
455576588868
2
4
768876996866
959895766566
566994995968
565595549786
3
4
556695685588
864898946499
666958494948
588996658699
1
7
995876647955
599566556595
985586894985
558985946996
874585955989
875499785675
665576866758
5
1
699575978855
5
7
455588898848
595655588556
789659968646
557578484695
995587688958
966984886856
874676564888
3
4
484594579859
585488995548
996569575469
555698569869
2
4
955845989959
855969945695
496944975695
576696486644
3
6
974697565986
585786896585
799955699694
569685958478
865887485855
599589748568
1
4
864659668695
687559554687
558798449599
886554458799
1
7
598659945669
666675988556
879585887658
948659599956
568988967556
985599448995
964485449899
3
2
865585568895
558556698649
1
9
567555486499
666554446698
595966597868
887895848465
958785555549
849468566988
975685695564
545659795899
687555696666
2
1
649969768696
1
9
555864659588
599979596489
885557557996
556847466948
585949686564
469655489498
988964455949
997945655969
559558686546
2
1
656685894556
1
8
584886894589
996989455589
966496897694
967685589759
464559568788
586464676965
489955559596
559555594999
3
5
569648695655
755699945645
549986994896
748557688494
557586585568
1
9
554865864995
898955677965
995854595855
568857868578
665889655558
565646849585
649559795588
666555554594
786689955499
5
4
766589544954
879959589559
958998555694
555895655994
1
8
745555586669
494585885558
859876886856
874468669884
888656687576
856655699856
985855685688
665465495969
2
7
869889659986
558854698499
955598965855
569459868686
845689569559
846558597798
585546984846
3
4
895894656966
859896896898
945489766645
969858889965
3
7
469898585886
988655555986
786678666897
466849865568
568989599875
969467956866
859488466446
3
8
656968569488
746555766568
598669485656
856849746455
759954546685
968459569955
999565678765
464965598998
1
1
998468484688
1
9
855689455968
648689776684
555865586986
668989844556
678668957549
556864589948
955695458556
955467595856
697596456499
5
8
568886985599
596586588548
466895869764
558585848846
469666895684
865868858854
467656578979
599898896966
5
2
989859955455
888875488956
3
8
569665586599
676558956656
859895598989
465855956969
568964468898
684864577585
654555575457
869569655464
2
4
995595677854
586589684685
645568465599
665488565858
3
5
665569656455
665645986675
484657666587
954895697655
646996668896
3
4
546598686499
665975879798
945986569564
876765955758
2
6
969585457499
885858965894
599855964465
868445957859
965486555558
969578996898
5
1
958495758545
3
7
859965585695
978899685956
456945975598
986656855585
995866969698
969955768955
695654498586
3
7
785995459886
455785984948
986587998989
995875556456
475889494554
644568587596
498954556884
2
9
897655986499
684585856858
665656559965
975666664564
859856559545
655566889488
599685684856
867559556694
669959985568
1
4
776696887875
954998967695
985598568666
556886994547
1
5
696668655666
698986589659
984774446855
499454549587
949947685968
5
5
995668956579
975986899885
595669766785
958589958496
958574786845
5
3
856454689996
656966555686
865654886798
3
9
988699865865
899555885568
956559456959
648689645988
955548985585
695879486954
565954869889
559658775965
596587799889
2
2
666455558658
855896856666
3
8
586899656874
888958894584
486655574498
555668954659
659999456674
989768984995
896686885948
885458985499
5
4
589896967468
668959996698
984994789555
946568795584
3
9
999656985489
579997886956
979478899665
985696657689
699669468568
955646685955
646986567964
665865568659
999589468885
1
5
789689956598
849545566549
686587678899
674658556698
696579846585
3
3
555484858856
559555545678
485789696564
3
2
844568897987
555579546758
2
1
966989948865
3
4
596968848899
559455966866
585857968468
995564848567
3
9
697596899688
998957789967
858858654648
589646979775
444999595556
855889569655
846855984595
589696565685
598788479486
1
4
655588994665
854999555696
996989795689
489955886464
1
1
889896864499
1
7
768666594998
546656659865
685699486986
487998955855
986644968859
566654599994
677959458856
5
8
895944465559
559499599856
685588495589
888589777548
658499886549
845554685865
887456954856
559488569756
2
4
668685566465
885967596968
968556658786
568846846895
2
2
648995665469
895968596658
1
3
855869645797
686798969999
759895988989
2
7
685585448886
846785959869
988685984898
768555695669
488656956687
566585755496
884588858449
2
1
865495566766
5
3
549657485648
898584545667
999984845689
5
9
969966447979
555965856698
968995947958
696659898955
595558989569
756698854694
767994984458
665866966648
754855568945
2
2
986667898499
958996994955
1
4
568859459578
899985957759
958974565895
875566859756
3
4
765565856664
698588554555
499599856998
995588899548
5
3
758458586758
655888687444
754559984594
5
2
869959844955
555546986696
2
4
889856564466
845866689986
999766965749
585459856466
5
6
864946568694
758599685686
684998954589
846684556684
999594595959
696599586859
5
9
465849859775
456695785659
885656549549
874989659958
886584589648
588956866948
545598878698
766998498955
568945559649
