100
125 197 186
2 127 183
28 191 146
104 165 77
169 40 19
61 43 6
53 148 88
135 123 253
248 158 24
110 85 199
168 254 141
0 6 164
97 87 116
18 223 61
161 76 244
17 3 37
141 58 200
95 32 142
232 10 93
22 198 190
69 189 240
226 180 29
14 204 124
249 45 184
142 102 136
94 33 231
180 43 242
19 236 216
104 0 129
145 239 159
70 254 19
188 23 67
171 137 132
35 76 223
158 195 193
67 30 87
53 16 27
44 15 108
160 132 91
224 170 206
15 71 87
234 237 252
132 189 10
105 225 137
98 103 205
246 76 168
15 164 217
37 167 172
23 13 178
149 205 178
152 121 54
153 135 216
208 131 213
67 177 196
124 107 162
65 194 32
15 20 121
9 34 30
217 207 166
201 171 236
13 203 47
17 205 162
99 24 251
242 245 54
207 39 203
226 175 245
228 19 131
83 253 180
86 79 93
60 220 59
112 136 36
60 136 41
1 127 146
80 207 46
244 253 237
41 151 183
224 244 174
234 162 144
82 11 73
221 23 40
93 246 118
35 112 149
66 93 46
127 141 160
177 65 40
46 144 190
206 41 97
86 213 233
107 35 214
155 120 224
39 251 65
219 24 121
111 8 69
214 22 113
67 229 223
171 93 224
27 226 100
178 86 116
163 70 215
158 131 100
